$ 1 0.000005 1.0312258501325766 46 5 43 5e-11
v 16 288 16 192 0 0 40 25 0 0 0.5
c 320 176 320 256 0 0.00035 49.99999994527011 0.001
r 320 304 320 384 0 180
w 16 400 320 400 0
w 320 400 512 400 0
w 512 400 512 80 0
S 320 144 320 80 0 0 false 0 2
370 16 80 304 80 1 0 0
p 224 176 224 256 1 0 0
p -64 192 -64 288 1 0 0
370 336 80 512 80 1 0 0
w -64 192 16 192 0
w -64 288 16 288 0
w 224 176 320 176 0
w 224 256 320 256 0
w 16 288 16 400 0
w 16 80 16 192 0
w 320 144 320 176 0
w 320 256 320 304 0
w 320 384 320 400 0
